1230854400
1231113600
1231372800
1231632000
1231891200
1232150400
1232409600
1232668800
1232928000
1233187200
1233446400
1233705600
1233964800
1234224000
1234483200
1234742400
1235001600
1235260800
1235520000
1235779200
1236038400
1236297600
1236556800
1236816000
1237075200
1237334400
1237593600
1237852800
1238112000
1238457600
1238716800
1238976000
1239235200
1239494400
1239753600
1240012800
1240272000
1240531200
1240790400
1241049600
1241308800
1241568000
1241827200
1242086400
1242345600
1242604800
1242864000
1243123200
1243382400
1243641600
1243900800
1244160000
1244419200
1244678400
1244937600
1245196800
1245456000
1245715200
1245974400
1246233600
1246492800
1246752000
1247011200
1247270400
1247529600
1247788800
1248048000
1248307200
1248566400
1248825600
1249084800
1249344000
1249603200
1249862400
1250121600
1250380800
1250640000
1250899200
1251158400
1251417600
1251676800
1251936000
1252195200
1252454400
1252713600
1252972800
1253232000
1253491200
1253750400
1254009600
1254268800
1254528000
1254787200
1255046400
1255305600
1255564800
1255824000
1256083200
1256342400
1256515200
1256774400
1257033600
1257292800
1257552000
1257811200
1258070400
1258329600
1258588800
1258848000
1259107200
1259366400
1259625600
1259884800
1260144000
1260403200
1260662400
1260921600
1261180800
1261440000
1261699200
1261958400
1262217600
1262476800
1262736000
1262995200
1263254400
1263513600
1263772800
1264032000
1264291200
1264550400
1264809600
1265068800
1265328000
1265587200
1265846400
1266105600
1266364800
1266624000
1266883200
1267142400
1267401600
1267660800
1267920000
1268179200
1268438400
1268697600
1268956800
1269216000
1269475200
1269820800
1270080000
1270339200
1270598400
1270857600
1271116800
1271376000
1271635200
1271894400
1272153600
1272412800
1272672000
1272931200
1273190400
1273449600
1273708800
1273968000
1274227200
1274486400
1274745600
1275004800
1275264000
1275523200
1275782400
1276041600
1276300800
1276560000
1276819200
1277078400
1277337600
1277596800
1277856000
1278115200
1278374400
1278633600
1278892800
1279152000
1279411200
1279670400
1279929600
1280188800
1280448000
1280707200
1280966400
1281225600
1281484800
1281744000
1282003200
1282262400
1282521600
1282780800
1283040000
1283299200
1283558400
1283817600
1284076800
1284336000
1284595200
1284854400
1285113600
1285372800
1285632000
1285891200
1286150400
1286409600
1286668800
1286928000
1287187200
1287446400
1287705600
1287964800
1288224000
1288483200
1288656000
1288915200
1289174400
1289433600
1289692800
1289952000
1290211200
1290470400
1290729600
1290988800
1291248000
1291507200
1291766400
1292025600
1292284800
1292544000
1292803200
1293062400
1293321600
1293580800
1293840000
1294099200
1294358400
1294617600
1294876800
1295136000
1295395200
1295654400
1295913600
1296172800
1296432000
1296691200
1296950400
1297209600
1297468800
1297728000
1297987200
1298246400
1298505600
1298764800
1299024000
1299283200
1299542400
1299801600
1300060800
1300320000
1300579200
1300838400
1301097600
1301443200
1301702400
1301961600
1302220800
1302480000
1302739200
1302998400
1303257600
1303516800
1303776000
1304035200
1304294400
1304553600
1304812800
1305072000
1305331200
1305590400
1305849600
1306108800
1306368000
1306627200
1306886400
1307145600
1307404800
1307664000
1307923200
1308182400
1308441600
1308700800
1308960000
1309219200
1309478400
1309737600
1309996800
1310256000
1310515200
1310774400
1311033600
1311292800
1311552000
1311811200
1312070400
1312329600
1312588800
1312848000
1313107200
1313366400
1313625600
1313884800
1314144000
1314403200
1314662400
1314921600
1315180800
1315440000
1315699200
1315958400
1316217600
1316476800
1316736000
1316995200
1317254400
1317513600
1317772800
1318032000
1318291200
1318550400
1318809600
1319068800
1319328000
1319587200
1319846400
1320019200
1320278400
1320537600
1320796800
1321056000
1321315200
1321574400
1321833600
1322092800
1322352000
1322611200
1322870400
1323129600
1323388800
1323648000
1323907200
1324166400
1324425600
1324684800
1324944000
1325203200
1325462400
1325721600
1325980800
1326240000
1326499200
1326758400
1327017600
1327276800
1327536000
1327795200
1328054400
1328313600
1328572800
1328832000
1329091200
1329350400
1329609600
1329868800
1330128000
1330387200
1330646400
1330905600
1331164800
1331424000
1331683200
1331942400
1332201600
1332460800
1332806400
1333065600
1333324800
1333584000
1333843200
1334102400
1334361600
1334620800
1334880000
1335139200
1335398400
1335657600
1335916800
1336176000
1336435200
1336694400
1336953600
1337212800
1337472000
1337731200
1337990400
1338249600
1338508800
1338768000
1339027200
1339286400
1339545600
1339804800
1340064000
1340323200
1340582400
1340841600
1341100800
1341360000
1341619200
1341878400
1342137600
1342396800
1342656000
1342915200
1343174400
1343433600
1343692800
1343952000
1344211200
1344470400
1344729600
1344988800
1345248000
1345507200
1345766400
1346025600
1346284800
1346544000
1346803200
1347062400
1347321600
1347580800
1347840000
1348099200
1348358400
1348617600
1348876800
1349136000
1349395200
1349654400
1349913600
1350172800
1350432000
1350691200
1350950400
1351209600
1351382400
1351641600
1351900800
1352160000
1352419200
1352678400
1352937600
1353196800
1353456000
1353715200
1353974400
1354233600
1354492800
1354752000
1355011200
1355270400
1355529600
1355788800
1356048000
1356307200
1356566400
1356825600
1357084800
1357344000
1357603200
1357862400
1358121600
1358380800
1358640000
1358899200
1359158400
1359417600
1359676800
1359936000
1360195200
1360454400
1360713600
1360972800
1361232000
1361491200
1361750400
1362009600
1362268800
1362528000
1362787200
1363046400
1363305600
1363564800
1363824000
1364083200
1364342400
1364601600
1364947200
1365206400
1365465600
1365724800
1365984000
1366243200
1366502400
1366761600
1367020800
1367280000
1367539200
1367798400
1368057600
1368316800
1368576000
1368835200
1369094400
1369353600
1369612800
1369872000
1370131200
1370390400
1370649600
1370908800
1371168000
1371427200
1371686400
1371945600
1372204800
1372464000
1372723200
1372982400
1373241600
1373500800
1373760000
1374019200
1374278400
1374537600
1374796800
1375056000
1375315200
1375574400
1375833600
1376092800
1376352000
1376611200
1376870400
1377129600
1377388800
1377648000
1377907200
1378166400
1378425600
1378684800
1378944000
1379203200
1379462400
1379721600
1379980800
1380240000
1380499200
1380758400
1381017600
1381276800
1381536000
1381795200
1382054400
1382313600
1382572800
1382832000
1383004800
1383264000
1383523200
1383782400
1384041600
1384300800
1384560000
1384819200
1385078400
1385337600
1385596800
1385856000
1386115200
1386374400
1386633600
1386892800
1387152000
1387411200
1387670400
1387929600
1388188800
1388448000
1388707200
1388966400
1389225600
1389484800
1389744000
1390003200
1390262400
1390521600
1390780800
1391040000
1391299200
1391558400
1391817600
1392076800
1392336000
1392595200
1392854400
1393113600
1393372800
1393632000
1393891200
1394150400
1394409600
1394668800
1394928000
1395187200
1395446400
1395705600
1395964800
1396310400
1396569600
1396828800
1397088000
1397347200
1397606400
1397865600
1398124800
1398384000
1398643200
1398902400
1399161600
1399420800
1399680000
1399939200
1400198400
1400457600
1400716800
1400976000
1401235200
1401494400
1401753600
1402012800
1402272000
1402531200
1402790400
1403049600
1403308800
1403568000
1403827200
1404086400
1404345600
1404604800
1404864000
1405123200
1405382400
1405641600
1405900800
1406160000
1406419200
1406678400
1406937600
1407196800
1407456000
1407715200
1407974400
1408233600
1408492800
1408752000
1409011200
1409270400
1409529600
1409788800
1410048000
1410307200
1410566400
1410825600
1411084800
1411344000
1411603200
1411862400
1412121600
1412380800
1412640000
1412899200
1413158400
1413417600
1413676800
1413936000
1414195200
1414368000
1414627200
1414886400
1415145600
1415404800
1415664000
1415923200
1416182400
1416441600
1416700800
1416960000
1417219200
1417478400
1417737600
1417996800
1418256000
1418515200
1418774400
1419033600
1419292800
1419552000
1419811200
1420070400
1420329600
1420588800
1420848000
1421107200
1421366400
1421625600
1421884800
1422144000
1422403200
1422662400
1422921600
1423180800
1423440000
1423699200
1423958400
1424217600
1424476800
1424736000
1424995200
1425254400
1425513600
1425772800
1426032000
1426291200
1426550400
1426809600
1427068800
1427328000
1427673600
1427932800
1428192000
1428451200
1428710400
1428969600
1429228800
1429488000
1429747200
1430006400
1430265600
1430524800
1430784000
1431043200
1431302400
1431561600
1431820800
1432080000
1432339200
1432598400
1432857600
1433116800
1433376000
1433635200
1433894400
1434153600
1434412800
1434672000
1434931200
1435190400
1435449600
1435708800
1435968000
1436227200
1436486400
1436745600
1437004800
1437264000
1437523200
1437782400
1438041600
1438300800
1438560000
1438819200
1439078400
1439337600
1439596800
1439856000
1440115200
1440374400
1440633600
1440892800
1441152000
1441411200
1441670400
1441929600
1442188800
1442448000
1442707200
1442966400
1443225600
1443484800
1443744000
1444003200
1444262400
1444521600
1444780800
1445040000
1445299200
1445558400
1445731200
1445990400
1446249600
1446508800
1446768000
1447027200
1447286400
1447545600
1447804800
1448064000
1448323200
1448582400
1448841600
1449100800
1449360000
1449619200
1449878400
1450137600
1450396800
1450656000
1450915200
1451174400
1451433600
1451692800
1451952000
1452211200
1452470400
1452729600
1452988800
1453248000
1453507200
1453766400
1454025600
1454284800
1454544000
1454803200
1455062400
1455321600
1455580800
1455840000
1456099200
1456358400
1456617600
1456876800
1457136000
1457395200
1457654400
1457913600
1458172800
1458432000
1458691200
1458950400
1459296000
1459555200
1459814400
1460073600
1460332800
1460592000
1460851200
1461110400
1461369600
1461628800
1461888000
1462147200
1462406400
1462665600
1462924800
1463184000
1463443200
1463702400
1463961600
1464220800
1464480000
1464739200
1464998400
1465257600
1465516800
1465776000
1466035200
1466294400
1466553600
1466812800
1467072000
1467331200
1467590400
1467849600
1468108800
1468368000
1468627200
1468886400
1469145600
1469404800
1469664000
1469923200
1470182400
1470441600
1470700800
1470960000
1471219200
1471478400
1471737600
1471996800
1472256000
1472515200
1472774400
1473033600
1473292800
1473552000
1473811200
1474070400
1474329600
1474588800
1474848000
1475107200
1475366400
1475625600
1475884800
1476144000
1476403200
1476662400
1476921600
1477180800
1477440000
1477699200
1477872000
1478131200
1478390400
1478649600
1478908800
1479168000
1479427200
1479686400
1479945600
1480204800
1480464000
1480723200
1480982400
1481241600
1481500800
1481760000
1482019200
1482278400
1482537600
1482796800
1483056000
1483315200
1483574400
1483833600
1484092800
1484352000
1484611200
1484870400
1485129600
1485388800
1485648000
1485907200
1486166400
1486425600
1486684800
1486944000
1487203200
1487462400
1487721600
1487980800
1488240000
1488499200
1488758400
1489017600
1489276800
1489536000
1489795200
1490054400
1490313600
1490659200
1490918400
1491177600
1491436800
1491696000
1491955200
1492214400
1492473600
1492732800
1492992000
1493251200
1493510400
1493769600
1494028800
1494288000
1494547200
1494806400
1495065600
1495324800
1495584000
1495843200
1496102400
1496361600
1496620800
1496880000
1497139200
1497398400
1497657600
1497916800
1498176000
1498435200
1498694400
1498953600
1499212800
1499472000
1499731200
1499990400
1500249600
1500508800
1500768000
1501027200
1501286400
1501545600
1501804800
1502064000
1502323200
1502582400
1502841600
1503100800
1503360000
1503619200
1503878400
1504137600
1504396800
1504656000
1504915200
1505174400
1505433600
1505692800
1505952000
1506211200
1506470400
1506729600
1506988800
1507248000
1507507200
1507766400
1508025600
1508284800
1508544000
1508803200
1509062400
1509235200
1509494400
1509753600
1510012800
1510272000
1510531200
1510790400
1511049600
1511308800
1511568000
1511827200
1512086400
1512345600
1512604800
1512864000
1513123200
1513382400
1513641600
1513900800
1514160000
1514419200
1514678400
1514937600
1515196800
1515456000
1515715200
1515974400
1516233600
1516492800
1516752000
1517011200
1517270400
1517529600
1517788800
1518048000
1518307200
1518566400
1518825600
1519084800
1519344000
1519603200
1519862400
1520121600
1520380800
1520640000
1520899200
1521158400
1521417600
1521676800
1522022400
1522281600
1522540800
1522800000
1523059200
1523318400
1523577600
1523836800
1524096000
1524355200
1524614400
1524873600
1525132800
1525392000
1525651200
1525910400
1526169600
1526428800
1526688000
1526947200
1527206400
1527465600
1527724800
1527984000
1528243200
1528502400
1528761600
1529020800
1529280000
1529539200
1529798400
1530057600
1530316800
1530576000
1530835200
1531094400
1531353600
1531612800
1531872000
1532131200
1532390400
1532649600
1532908800
1533168000
1533427200
1533686400
1533945600
1534204800
1534464000
1534723200
1534982400
1535241600
1535500800
1535760000
1536019200
1536278400
1536537600
1536796800
1537056000
1537315200
1537574400
1537833600
1538092800
1538352000
1538611200
1538870400
1539129600
1539388800
1539648000
1539907200
1540166400
1540425600
1540684800
1540857600
1541116800
1541376000
1541635200
1541894400
1542153600
1542412800
1542672000
1542931200
1543190400
1543449600
1543708800
1543968000
1544227200
1544486400
1544745600
1545004800
1545264000
1545523200
1545782400
1546041600
1546300800
1546560000
1546819200
1547078400
1547337600
1547596800
1547856000
1548115200
1548374400
1548633600
1548892800
1549152000
1549411200
1549670400
1549929600
1550188800
1550448000
1550707200
1550966400
1551225600
1551484800
1551744000
1552003200
1552262400
1552521600
1552780800
1553040000
1553299200
1553558400
1553817600
1554163200
1554422400
1554681600
1554940800
1555200000
1555459200
1555718400
1555977600
1556236800
1556496000
1556755200
1557014400
1557273600
1557532800
1557792000
1558051200
1558310400
1558569600
1558828800
1559088000
1559347200
1559606400
1559865600
1560124800
1560384000
1560643200
1560902400
1561161600
1561420800
1561680000
1561939200
1562198400
1562457600
1562716800
1562976000
1563235200
1563494400
1563753600
1564012800
1564272000
1564531200
1564790400
1565049600
1565308800
1565568000
1565827200
1566086400
1566345600
1566604800
1566864000
1567123200
1567382400
1567641600
1567900800
1568160000
1568419200
1568678400
1568937600
1569196800
1569456000
1569715200
1569974400
1570233600
1570492800
1570752000
1571011200
1571270400
1571529600
1571788800
1572048000
1572220800
1572480000
1572739200
1572998400
1573257600
1573516800
1573776000
1574035200
1574294400
1574553600
1574812800
1575072000
1575331200
1575590400
1575849600
1576108800
1576368000
1576627200
1576886400
1577145600
1577404800
1577664000
1577923200
1578182400
1578441600
1578700800
1578960000
1579219200
1579478400
1579737600
1579996800
1580256000
1580515200
1580774400
1581033600
1581292800
1581552000
1581811200
1582070400
1582329600
1582588800
1582848000
1583107200
1583366400
1583625600
1583884800
1584144000
1584403200
1584662400
1584921600
1585180800
1585526400
1585785600
1586044800
1586304000
1586563200
1586822400
1587081600
1587340800
1587600000
1587859200
1588118400
1588377600
1588636800
1588896000
1589155200
1589414400
1589673600
1589932800
1590192000
1590451200
1590710400
1590969600
1591228800
1591488000
1591747200
1592006400
1592265600
1592524800
1592784000
1593043200
1593302400
1593561600
1593820800
1594080000
1594339200
1594598400
1594857600
1595116800
1595376000
1595635200
1595894400
1596153600
1596412800
1596672000
1596931200
1597190400
1597449600
1597708800
1597968000
1598227200
1598486400
1598745600
1599004800
1599264000
1599523200
1599782400
1600041600
1600300800
1600560000
1600819200
1601078400
1601337600
1601596800
1601856000
1602115200
1602374400
1602633600
1602892800
1603152000
1603411200
1603584000
1603843200
1604102400
1604361600
1604620800
1604880000
1605139200
1605398400
1605657600
1605916800
1606176000
1606435200
1606694400
1606953600
1607212800
1607472000
1607731200
1607990400
1608249600
1608508800
1608768000
1609027200
1609286400
1609545600
1609804800
1610064000
1610323200
1610582400
1610841600
1611100800
1611360000
1611619200
1611878400
1612137600
1612396800
1612656000
1612915200
1613174400
1613433600
1613692800
1613952000
1614211200
1614470400
1614729600
1614988800
1615248000
1615507200
1615766400
1616025600
1616284800
1616544000
1616803200
1617148800
1617408000
1617667200
1617926400
1618185600
1618444800
1618704000
1618963200
1619222400
1619481600
1619740800
1620000000
1620259200
1620518400
1620777600
1621036800
1621296000
1621555200
1621814400
1622073600
1622332800
1622592000
1622851200
1623110400
1623369600
1623628800
1623888000
1624147200
1624406400
1624665600
1624924800
1625184000
1625443200
1625702400
1625961600
1626220800
1626480000
1626739200
1626998400
1627257600
1627516800
1627776000
1628035200
1628294400
1628553600
1628812800
1629072000
1629331200
1629590400
1629849600
1630108800
1630368000
1630627200
1630886400
1631145600
1631404800
1631664000
1631923200
1632182400
1632441600
1632700800
1632960000
1633219200
1633478400
1633737600
1633996800
1634256000
1634515200
1634774400
1635033600
1635292800
1635552000
1635724800
1635984000
1636243200
1636502400
1636761600
1637020800
1637280000
1637539200
1637798400
1638057600
1638316800
1638576000
1638835200
1639094400
1639353600
1639612800
1639872000
1640131200
1640390400
1640649600
1640908800
1641168000
1641427200
1641686400
1641945600
1642204800
1642464000
1642723200
1642982400
1643241600
1643500800
1643760000
1644019200
1644278400
1644537600
1644796800
1645056000
1645315200
1645574400
1645833600
1646092800
1646352000
1646611200
1646870400
1647129600
1647388800
1647648000
1647907200
1648166400
1648512000
